-6214209 3705794 6761853
-9004168 9832773 -6444473
-7854938 -5572047 -3306520
-1333950 1801104 1169199
8711844 182729 6175703
495041 5941350 -399
-5119358 7816966 3158055
1561348 9993734 -2519713
-3392453 -5473061 8521498
4237900 -5581843 7950135
9537394 -1796052 1655930
6299247 -800220 1488704
9854774 1344842 5916656
-3451745 -9989108 -2282240
7717453 8722736 7900489
3893156 -782223 3841840
-6107243 4098419 1658807
7050812 -4340233 1652541
-5468901 2267314 6179480
-6947402 -3494785 -9402362
-8997267 -3957391 -1198415
2658663 -7658143 8001365
