1400
12273 5861
4030 6178
11599 4130
10393 7430
4979 5291
9910 1274
2860 2227
9033 2420
12475 10770
11635 3260
5117 9948
8495 6052
7574 6767
11913 11604
11197 10543
4918 7590
3973 4832
13031 8951
10123 8940
10225 12983
11166 5257
1403 9641
12900 4455
11420 4016
402 5915
10068 7976
12681 7980
5579 11625
8768 2776
8168 13686
10365 12141
4518 9396
7092 641
4336 3316
8573 1026
11142 10599
3398 10125
9430 2079
4104 1009
3784 7871
6012 3076
9545 13103
2419 3339
1381 10991
4365 12522
7589 4429
8563 8642
1912 8619
10096 5309
4744 5526
7387 8848
6535 7090
7719 10318
961 6277
10467 6972
9352 6011
6075 13068
5890 8493
2407 7270
5483 6772
5792 13072
7714 13112
8973 3809
9335 11807
4897 2282
12187 5857
8558 8654
12829 3910
664 4903
2977 6554
13395 5384
12155 5615
3950 9355
5968 11663
8466 940
10693 9218
11499 10861
7446 6056
5514 6275
12732 10572
4326 12555
4170 5400
11835 10138
3063 6300
11078 4534
5186 11733
6950 15
3468 4448
10876 10914
10504 2390
3188 6469
8567 365
5411 7298
10936 9736
5853 12386
12216 10022
3785 10051
6159 6848
2351 3236
11382 7536
9415 7917
12365 9611
9795 8868
1337 6567
13347 6747
2483 5717
8668 699
10749 7896
5300 13100
11132 2681
6636 12099
6016 137
931 4380
9748 10726
13248 7748
9708 584
314 9054
7331 178
5336 9814
10512 7631
12456 7261
1527 3755
6360 12658
6435 12995
10757 7837
7974 1975
7152 3722
12701 6399
11469 8408
6983 11783
11960 8797
10126 3854
8799 6638
11485 7255
11009 6258
11669 3444
5253 8426
11281 6297
8272 4349
10748 6444
1380 3730
4226 4841
4043 2186
6039 8436
6805 3523
1690 6703
2143 4214
8627 13423
10510 5824
4676 4782
11754 6920
6094 13133
10650 10320
3974 692
12505 3611
859 4543
12046 7664
8065 13736
3541 5427
11250 4675
4832 7423
4325 2585
6738 5691
11683 5242
9301 12542
9785 7347
6205 3850
7082 6572
448 5517
5899 11247
6093 9439
2673 6091
7346 1090
2904 7687
11509 4621
4678 4246
10312 2360
9488 5612
902 5273
12959 7106
9122 6041
11557 5576
6816 3649
1014 9488
9740 10503
9411 6505
10822 2756
7594 13725
10443 5102
4346 1121
9348 657
3481 4836
6269 4382
10108 5227
11488 5230
11267 11165
798 8823
2741 7613
3101 8210
1268 8308
10803 11711
12831 8758
1805 2312
13594 8073
6693 9702
13299 4180
5388 4085
9342 3859
7839 12443
12069 8095
5173 12222
9932 6500
3123 8763
1257 4927
12999 3766
10552 12298
7946 11482
8863 9291
13375 8553
4109 7214
6995 2178
1309 3949
960 6481
2171 8049
8456 12102
6865 1805
2505 3938
7704 13207
10689 8664
10940 9899
8914 10315
4451 13023
3529 11446
1200 4837
11318 3564
10208 5774
1666 10756
3351 8531
12561 5855
7358 6172
422 7159
7821 11111
1822 4761
7009 10736
9759 4604
8905 10959
9440 10298
13118 6758
6081 1882
10058 4642
7736 8526
5858 1094
697 6280
8252 8518
3390 10074
6810 353
7857 2568
4956 2762
7153 12921
7969 5684
7565 10507
4691 1300
5033 10548
2394 5729
2828 10646
247 6217
6719 13525
2096 4833
5228 12292
11213 8234
4064 11661
8283 11628
9521 1322
4929 12348
11967 5175
4564 4685
4700 7178
4214 4576
3649 6309
9408 2882
7931 636
1173 8197
2430 3080
10046 10712
708 4213
3413 5205
956 8341
3553 12923
13516 8117
3608 4215
1295 7821
8791 4944
7825 8060
4835 8997
7382 4686
6930 3427
1398 7637
7640 11082
7272 11052
2287 8228
5393 5840
7150 4909
9124 1250
4577 3915
6194 4706
9014 1022
2798 2395
5708 9727
5822 7105
4187 10635
10513 6474
4862 1906
6815 12269
8767 1939
5729 2815
3837 1710
3138 9544
11436 8960
8420 6835
11433 4933
6839 11620
9889 9072
1591 9407
8415 7443
7409 6847
1278 6322
8031 10727
658 5467
5686 3305
6266 106
10140 3699
5038 9447
5993 11877
11529 2955
12361 9783
6562 13479
6325 9525
6292 13914
10641 1295
5789 2326
4600 12055
1753 7469
10186 7745
5345 3252
6207 1410
1993 4568
11193 8555
4046 5440
8525 10371
10285 1602
1139 6925
2896 6928
9251 7496
4982 11682
8235 6734
5151 4420
7672 521
4446 13123
9916 8492
4563 4441
5258 1147
7127 6396
8072 10023
3519 4305
11039 6155
2173 11518
2650 9845
8660 3653
9178 8994
1390 8741
5017 13067
5221 1770
11615 11610
9890 7337
7505 10668
1685 9499
11295 2353
11094 10129
13397 9156
11974 4414
8222 11571
6469 13443
13341 6042
7314 10955
3651 3203
4292 1229
2472 11796
3337 1645
7715 631
3124 4468
11189 9593
3911 10529
1634 11224
7484 5285
6513 2897
9571 4409
3933 9530
11174 10339
7901 1171
1855 7215
2261 3500
5926 12507
3118 9050
4642 6885
10835 6276
4108 4319
2093 4072
7431 11664
8480 11364
7193 11104
4633 4367
7442 12533
5538 9297
5747 7798
6305 1914
6722 9279
3639 6271
3373 1198
10805 5466
5269 4235
1598 10322
10852 6231
688 4294
4763 6225
8182 6328
12267 3769
10039 4947
3103 6844
10412 8372
8120 12677
9862 4972
4907 10550
9266 9669
2775 8856
6179 2798
7242 360
9125 7541
1264 10730
1436 10537
2581 4538
3381 12992
12533 7029
13135 8395
12001 4041
4945 7266
13709 7719
2121 5888
10516 9363
6248 5641
7041 2868
10598 8476
3243 10702
4952 2377
5096 2952
6417 10041
10217 6126
3759 12338
7700 4261
5915 10604
11771 8285
9567 4812
11152 6164
5341 12301
10224 2584
4961 5307
4126 11378
3504 5106
5380 6380
5777 11295
2983 3548
8360 2730
4713 7647
13287 10053
5948 12628
5080 7471
3550 6427
7813 7053
11533 6493
8569 2913
3894 5785
8515 5116
6429 731
13812 5583
10834 3361
12010 4646
10414 9543
11139 4983
12455 10011
5328 12661
11865 9221
7474 12960
6761 4552
5282 11236
598 6641
11368 11431
10001 9378
2077 6414
4920 13216
11396 3374
9226 2724
2035 7091
11945 6480
5359 5418
5440 8743
4790 12200
11389 4577
13244 4218
10858 7729
11273 6858
13272 8026
11400 7791
5914 6241
2754 11353
983 7543
9552 6941
4854 8796
8637 8015
8943 5910
6074 3824
10812 3473
2907 12496
7538 8821
4737 10291
6174 5719
3834 1726
5996 13385
8667 10850
8180 5825
12064 2817
13840 7006
8727 712
3810 11668
7870 3507
12328 4656
11698 4501
10375 1531
6227 2371
13220 9096
6718 11283
11912 6557
7269 9342
6624 8125
10576 11776
1068 8904
296 5630
6523 396
11678 8218
5797 1966
11308 7479
7190 3776
3912 12981
10845 1768
12642 7421
4505 4916
1995 5361
3980 13302
3078 2751
4519 8792
7343 4061
8501 9667
6035 6976
11394 6815
5745 4751
8771 5726
4631 11122
2013 3750
11150 6517
8666 13144
12445 10717
9815 1522
13468 5964
1444 3986
756 8787
8047 9257
6897 7977
6598 1667
978 9937
8232 9643
9081 6109
8288 7526
2826 4102
9048 2294
10066 10492
6280 10822
5278 326
6078 9731
408 8310
11577 7304
2286 4174
8971 1988
1402 7758
3703 2380
3695 11934
6301 6869
10413 1348
9162 6478
3300 3117
1767 9377
3687 10423
9479 5972
597 4449
7960 1999
12207 11662
4378 1901
9595 2401
8711 6978
6506 5123
9281 4875
10277 8127
7049 13963
4550 2527
5935 5147
6975 13894
7145 5182
11556 11523
7083 7151
13923 7759
6788 8634
1225 4067
12257 10505
8941 8533
4632 1989
8496 9182
324 7473
2672 11879
4996 9754
5029 4919
3512 11816
2133 8921
11037 11073
3454 1669
10850 3577
12379 11178
4650 3739
10581 9646
7251 10533
13423 6558
8599 10087
7090 10731
5007 4127
7804 8461
5795 6865
6409 2644
10442 4787
3489 4471
3742 1103
3551 6233
10302 10640
2964 1309
9769 6560
6965 9024
11582 10454
1297 3852
3169 11599
492 6133
2900 8677
7817 6532
10854 3020
6605 3819
12044 4187
3016 10794
11147 2583
8993 11435
5892 8295
12516 6193
10044 8401
11410 10536
11792 3432
4994 5609
9964 1847
5665 6672
6755 5937
4210 9770
12791 4244
6018 11306
10436 11249
5649 8527
3015 6181
4844 807
9613 9837
8144 3349
7716 898
9285 11925
10668 12014
13281 9020
9737 12072
9377 9699
13002 6494
2179 4650
1021 5194
10831 5865
6001 6443
13460 6162
2734 7175
7060 12019
5100 3728
10033 4381
12747 5769
2453 12010
7522 11829
7709 6523
4323 9888
11173 5344
1081 8003
11208 7082
5497 12464
12295 4957
4626 1028
12132 11685
1413 9079
7612 160
847 10064
12170 8368
7893 5878
3559 2846
6065 767
9927 6510
4973 11970
6380 9598
12998 4511
7283 12044
7742 8695
7122 1354
8855 7968
11418 7024
2336 5311
1288 7085
3511 7353
7851 13438
861 4834
5496 7240
11751 7714
2536 5493
2409 9657
6846 11264
3624 4264
4287 5959
9574 3188
3853 10472
6184 7364
6801 3686
7561 7662
8520 13056
3548 12652
2665 6083
4144 5074
1739 10990
2337 5363
1253 6624
11322 10827
9811 6506
2978 2110
7027 6802
10488 9704
7489 5007
8760 8390
7042 2623
4389 11185
7696 6128
8174 10033
11491 9427
2656 8813
6253 12467
12130 4296
4288 5157
11097 6432
4984 7584
12591 10894
6862 12548
11088 8866
5718 5262
4899 3208
6021 13338
9119 4151
5838 291
8315 7972
12763 6905
4866 5625
5527 6623
1488 5373
7876 6387
8581 8564
13941 6602
1505 5962
5940 10623
10112 9573
10029 5419
10303 1866
5709 4617
9838 4472
4237 11084
5799 12113
6677 3411
6981 8181
9373 12920
4804 5484
8493 833
10903 4795
2699 2612
9412 12537
4800 5502
436 9036
2585 6235
7149 6055
6615 13825
8006 4838
10322 7007
13642 7224
11802 2341
9835 7213
6095 10052
5930 4138
6798 13079
12903 5658
13007 6908
10495 11522
5717 6816
4528 5359
7699 9875
9542 8576
12792 9687
8692 4886
5738 8819
1780 7291
9382 7709
11428 2179
6787 7620
1590 5690
12598 9772
12118 4315
2588 2646
9673 2627
4974 3372
11947 11292
10202 6639
2178 1940
1457 3957
9230 10838
11666 6658
13016 4453
1203 8740
9326 13320
1965 8727
540 6939
7455 10045
10332 3657
2683 12510
5596 4139
4584 7761
7315 1801
9465 2641
3245 1093
10025 1343
11387 10465
7135 69
8974 12731
4207 11440
13557 5184
11572 7040
5176 2155
2881 8115
10756 8694
6863 11309
11779 10108
12402 7803
11282 8836
8999 4417
8904 3973
4294 12984
9743 9469
1243 4019
4658 8816
3510 9227
5334 11124
9091 2783
9658 6373
10789 6522
2638 9927
9025 12381
5396 10164
995 4963
6251 3106
10840 1342
5889 6497
11153 4502
4437 1661
11588 10846
5456 2983
9621 7191
2036 7510
669 8286
10616 11509
9627 2504
4005 3340
6011 1157
7842 2039
6938 12279
3700 8759
5353 1287
5605 10808
4270 12613
5804 11145
10963 1541
9051 12767
7284 5666
10275 2910
8169 280
6250 179
2218 8374
12369 5917
7204 8737
7350 11716
8861 8326
694 6959
7324 9744
5725 607
3516 9578
2280 9766
9757 3716
9856 11974
12090 8225
3890 1222
9958 12477
8566 3308
10192 5928
2461 5052
12899 3735
5735 11698
9885 8014
7463 5642
11730 3319
3615 9819
11544 7505
11041 9491
4598 6999
7967 13163
10306 4158
5091 12766
9210 5343
1920 7219
10954 7101
4799 11011
10701 12261
2652 8431
1580 6267
4249 13124
8614 4369
3532 4593
3359 1947
9166 12884
6097 6119
5984 7222
8806 10782
4233 5507
9043 6884
13151 4186
9746 12922
5475 4360
6939 6822
292 5089
3057 2543
3219 12100
9427 3156
8722 8577
7498 12816
8827 10789
3610 2934
1442 5054
10647 3064
6462 9639
13852 6754
1581 3689
6844 8907
5584 185
13001 8200
9870 11579
4533 11158
6797 321
3747 7525
4861 8144
7236 5045
9817 13265
7524 5687
10843 3488
5166 11354
893 9698
8512 1362
1682 10439
8833 4760
8308 4075
9539 1544
9120 690
1624 9070
11425 1888
8394 7241
5405 4093
7659 6483
5167 9341
6210 10934
9952 1329
11624 11575
10399 9048
13462 4793
6710 1216
5308 7954
4411 5098
11813 12070
11581 2979
7410 502
2637 4372
1918 8846
10175 12929
9443 6574
7976 8905
11366 10265
2189 2787
2079 6600
7885 13891
4670 5465
2870 12079
5967 5847
5589 8603
10219 7507
3449 11524
5375 13623
6196 4428
9723 3562
692 5240
7637 12171
13364 9826
2426 8842
1333 7095
5174 6273
10048 10762
4268 4325
10461 10143
4669 6183
13705 5360
11422 7341
3530 10786
3166 4487
12228 5592
5909 13809
621 6784
11108 9864
3173 10903
6133 595
4244 9662
11380 7409
9167 11686
1544 5022
11806 4810
7053 8913
674 7583
9968 10779
4574 7166
11552 7747
4069 3684
8341 8312
13346 5721
12972 10495
3105 8157
12967 9166
2749 5791
10419 7322
12957 7970
11654 9409
11336 10999
10493 2458
9409 7386
5478 12133
5524 6546
1158 3177
11549 10669
5543 11325
6132 4495
12869 7636
10333 1398
2894 3287
1281 4030
1584 6922
12590 7107
10284 1422
12241 10459
4507 9790
7114 13259
10256 9271
810 4134
7421 4447
7734 8864
4904 9317
1785 3494
3241 12707
11271 2293
3230 4385
1552 3773
7004 490
3185 3259
9761 3995
7393 12927
7698 813
9677 8277
2491 7044
8568 13761
9336 11797
4146 10888
1570 11149
11377 4755
8749 7800
6064 2447
8613 9437
3877 4290
2493 11673
4716 10419
8216 8889
10939 9786
6038 8316
1453 9289
245 7517
11735 8858
2954 1612
13147 6667
8150 2030
1362 10642
1625 4418
13633 6369
4470 7849
3634 7295
4693 11196
8843 7646
12807 7990
8887 8462
3072 10249
5103 2775
7648 8793
750 7388
7372 10660
11407 2215
4306 10214
10204 4618
11256 5090
1339 4182
10908 10295
7956 6837
10356 7026
1818 4162
11390 7786
4373 4762
4445 1780
6977 8751
11994 3180
13368 9250
8270 12447
9578 9609
8975 10303
3140 5894
9956 6552
9897 11773
10714 7287
5558 1087
12049 10003
2867 5025
4753 860
8205 4121
10110 2474
2567 5688
4367 8491
4729 13342
2272 7933
6161 12227
10000 11198
9344 1558
12284 7393
2010 6622
6434 12119
9096 9000
194 8173
1668 4922
7514 6461
8013 877
12074 8750
5570 10357
2142 3130
5442 13516
7180 11875
6875 1441
9452 7068
9614 11120
11990 3128
3580 3178
12913 3972
10937 2921
8682 2506
5635 10784
10300 4562
8952 7934
6837 1827
9374 2288
8894 4987
13407 6883
8114 2987
10060 7027
6958 10587
727 5200
2024 5028
2105 7087
3967 11057
12883 10395
13091 7776
659 9495
1484 10718
2522 8442
7304 2473
6247 3823
13360 6974
9022 12753
6978 11046
10450 5886
2942 11873
11219 1824
8267 10309
9600 9648
5143 10289
10136 10977
8248 10927
10169 12029
3914 11544
7035 6855
9417 4253
8679 3683
561 4278
13331 9367
536 4473
5655 7511
12137 10385
7791 8272
7361 11892
3767 11311
11016 12015
8238 7184
10043 8930
6811 1890
11090 1490
5573 11651
7017 6303
9376 12672
13814 7512
9056 7604
1784 2417
3565 7964
2893 9497
13564 9366
2334 6375
7864 2827
7730 4090
5933 3105
2761 5746
7355 7516
7922 3049
7124 10815
12546 6688
6180 879
6261 11374
3095 4223
2039 3583
12112 2271
8427 2064
9580 10152
4831 2703
6966 3376
9390 13145
4254 8451
2579 4554
1376 8840
1928 7931
8829 3390
6420 11924
7613 10653
11636 9652
11923 8663
10445 7390
10092 3269
2413 8903
9239 8660
4774 1658
12311 4219
8038 12547
6112 3654
5165 2415
4928 1257
5683 9577
4479 6671
13087 3936
7979 12917
5319 3217
7577 10093
8478 3186
1732 4343
8475 8941
12595 7284
3000 3522
8541 8682
7949 1864
7512 1927
5144 8356
8923 10018
5916 936
9877 5354
976 8471
12638 3976
12658 11090
3298 8178
4330 4078
5491 6948
5332 4694
5840 11248
5630 9076
9976 13066
2589 7967
6244 1247
2681 5722
3102 5979
13900 7432
10056 6909
2905 8489
13089 7276
11419 4718
2352 9057
6223 2780
7670 2199
1846 10259
10166 8089
6943 11889
6164 6843
5320 2219
13751 8224
10707 8591
2619 12143
8762 1708
6425 7770
6484 2670
2855 5176
13160 9019
12018 4480
11237 11769
12703 7944
6087 1120
3029 11506
7301 9454
5276 8538
8102 1825
3444 8948
220 8609
5959 6704
11279 4191
7975 133
9366 7135
9151 7384
11614 6388
5152 10317
11638 6419
3924 5930
10120 9199
11024 3911
12520 5126
3948 9798
9317 11923
9931 4682
5057 5082
4220 13356
11291 8143
5285 7410
3342 5752
9662 10799
11609 8182
3979 11241
1923 4535
7205 2459
3204 6191
2815 4479
12622 8570
7515 1964
321 5146
2329 9983
4164 3868
8051 3031
5508 13041
3018 12712
1499 6222
4903 1758
10151 7717
6236 13435
7822 4857
8005 1337
6820 8325
6482 9149
4308 8425
9086 8472
12292 10580
11553 10665
